function f = Qes6_3fun(y)
f(1)=-1000.25*y(1)+999.75*y(2)+0.5;
f(2)=999.75*y(1)-1000.25*y(2)+0.5;
end

